10 10
247 127 397 531 361 30 533 849 416 697 
57 338 81 292 422 216 604 602 593 364 
14 518 390 207 354 50 141 766 908 2 
220 64 66 102 685 327 195 551 167 583 
676 320 314 26 547 461 2 588 498 88 
568 83 329 391 447 554 555 15 38 507 
93 562 508 565 680 311 305 570 388 350 
204 555 328 123 409 736 124 647 544 749 
806 38 548 373 643 333 519 497 143 218 
638 10 572 352 469 21 148 563 105 605 
100 120 140 160 180 200 220 240 260 280 
0 100 120 140 160 180 200 220 240 260 
50 0 100 120 140 160 180 200 220 240 
60 50 0 100 120 140 160 180 200 220 
70 60 50 0 100 120 140 160 180 200 
80 70 60 50 0 100 120 140 160 180 
90 80 70 60 50 0 100 120 140 160 
100 90 80 70 60 50 0 100 120 140 
110 100 90 80 70 60 50 0 100 120 
120 110 100 90 80 70 60 50 0 100 
