10 10
97 11 163 460 23 899 535 478 311 297 
833 552 84 223 489 109 229 553 313 534 
766 571 627 913 790 474 748 221 415 679 
537 295 213 538 558 578 73 433 335 104 
77 370 527 310 104 603 111 178 325 76 
703 905 497 534 940 317 419 208 161 579 
375 107 53 127 434 550 526 446 748 97 
792 631 147 178 464 678 20 722 485 416 
799 147 518 74 356 481 27 157 511 155 
10 659 337 171 439 298 107 104 4 562 
100 120 140 160 180 200 220 240 260 280 
0 100 120 140 160 180 200 220 240 260 
50 0 100 120 140 160 180 200 220 240 
60 50 0 100 120 140 160 180 200 220 
70 60 50 0 100 120 140 160 180 200 
80 70 60 50 0 100 120 140 160 180 
90 80 70 60 50 0 100 120 140 160 
100 90 80 70 60 50 0 100 120 140 
110 100 90 80 70 60 50 0 100 120 
120 110 100 90 80 70 60 50 0 100 
