10 10
699 837 138 407 191 129 345 114 285 761 
746 156 813 516 362 546 105 384 596 457 
565 393 570 104 217 307 540 19 646 482 
201 465 523 98 718 59 622 433 617 759 
67 531 73 256 27 389 587 70 473 197 
129 550 86 75 142 997 804 271 3 349 
152 496 657 27 691 236 802 817 517 574 
580 430 492 131 851 565 78 457 695 695 
588 52 304 97 205 8 911 461 414 845 
494 613 384 155 501 285 237 89 321 265 
100 120 140 160 180 200 220 240 260 280 
0 100 120 140 160 180 200 220 240 260 
50 0 100 120 140 160 180 200 220 240 
60 50 0 100 120 140 160 180 200 220 
70 60 50 0 100 120 140 160 180 200 
80 70 60 50 0 100 120 140 160 180 
90 80 70 60 50 0 100 120 140 160 
100 90 80 70 60 50 0 100 120 140 
110 100 90 80 70 60 50 0 100 120 
120 110 100 90 80 70 60 50 0 100 
