10 10
137 541 306 490 523 483 309 492 181 613 
444 280 308 164 439 632 222 297 195 353 
469 50 385 699 569 814 509 32 295 212 
116 454 334 346 811 404 29 10 236 359 
138 382 212 386 513 522 800 288 195 384 
215 212 568 26 254 308 662 699 289 221 
638 152 302 103 217 539 586 377 768 141 
4 56 191 377 106 97 395 337 453 159 
317 336 401 251 16 527 636 321 816 102 
596 496 647 620 418 641 73 324 637 597 
100 120 140 160 180 200 220 240 260 280 
0 100 120 140 160 180 200 220 240 260 
50 0 100 120 140 160 180 200 220 240 
60 50 0 100 120 140 160 180 200 220 
70 60 50 0 100 120 140 160 180 200 
80 70 60 50 0 100 120 140 160 180 
90 80 70 60 50 0 100 120 140 160 
100 90 80 70 60 50 0 100 120 140 
110 100 90 80 70 60 50 0 100 120 
120 110 100 90 80 70 60 50 0 100 
