10 10
469 155 222 159 576 241 382 425 157 713 
438 511 627 798 165 184 659 87 313 300 
409 102 109 609 276 236 192 346 259 718 
261 299 233 265 473 4 201 522 603 367 
519 211 179 700 319 96 638 458 263 441 
128 592 598 153 768 419 356 70 557 512 
489 443 450 10 648 469 78 792 291 712 
532 67 109 538 140 895 798 209 28 203 
422 162 243 806 149 283 98 554 815 72 
573 186 376 422 787 149 559 517 397 310 
100 120 140 160 180 200 220 240 260 280 
0 100 120 140 160 180 200 220 240 260 
50 0 100 120 140 160 180 200 220 240 
60 50 0 100 120 140 160 180 200 220 
70 60 50 0 100 120 140 160 180 200 
80 70 60 50 0 100 120 140 160 180 
90 80 70 60 50 0 100 120 140 160 
100 90 80 70 60 50 0 100 120 140 
110 100 90 80 70 60 50 0 100 120 
120 110 100 90 80 70 60 50 0 100 
