11 11
229 440 617 79 657 682 103 261 127 485 328 
492 193 24 559 522 495 155 366 615 569 618 
561 665 35 65 163 95 339 522 68 17 76 
521 284 55 539 287 5 870 47 642 502 455 
84 278 788 659 641 656 682 369 828 767 143 
147 619 524 122 33 82 50 553 447 336 463 
93 435 316 768 493 352 305 376 523 518 307 
324 322 832 655 872 310 679 72 314 714 93 
309 212 182 147 18 435 102 529 414 469 460 
383 576 517 375 220 65 667 274 252 245 551 
58 55 458 738 191 237 467 404 143 402 797 
100 120 140 160 180 200 220 240 260 280 300 
0 100 120 140 160 180 200 220 240 260 280 
50 0 100 120 140 160 180 200 220 240 260 
60 50 0 100 120 140 160 180 200 220 240 
70 60 50 0 100 120 140 160 180 200 220 
80 70 60 50 0 100 120 140 160 180 200 
90 80 70 60 50 0 100 120 140 160 180 
100 90 80 70 60 50 0 100 120 140 160 
110 100 90 80 70 60 50 0 100 120 140 
120 110 100 90 80 70 60 50 0 100 120 
130 120 110 100 90 80 70 60 50 0 100 
