11 11
97 11 163 460 23 899 535 478 311 297 833 
552 84 223 489 109 229 553 313 534 766 571 
627 913 790 474 748 221 415 679 537 295 213 
538 558 578 73 433 335 104 77 370 527 310 
104 603 111 178 325 76 703 905 497 534 940 
317 419 208 161 579 375 107 53 127 434 550 
526 446 748 97 792 631 147 178 464 678 20 
722 485 416 799 147 518 74 356 481 27 157 
511 155 10 659 337 171 439 298 107 104 4 
562 400 788 441 45 207 711 287 301 675 164 
23 112 263 20 168 114 247 652 712 158 464 
100 120 140 160 180 200 220 240 260 280 300 
0 100 120 140 160 180 200 220 240 260 280 
50 0 100 120 140 160 180 200 220 240 260 
60 50 0 100 120 140 160 180 200 220 240 
70 60 50 0 100 120 140 160 180 200 220 
80 70 60 50 0 100 120 140 160 180 200 
90 80 70 60 50 0 100 120 140 160 180 
100 90 80 70 60 50 0 100 120 140 160 
110 100 90 80 70 60 50 0 100 120 140 
120 110 100 90 80 70 60 50 0 100 120 
130 120 110 100 90 80 70 60 50 0 100 
