11 11
466 426 936 169 399 155 103 548 57 228 822 
212 67 627 237 807 160 550 331 385 230 418 
113 195 706 391 63 14 585 99 105 589 359 
665 605 558 32 559 699 199 824 352 534 54 
22 376 837 70 120 682 16 971 54 321 254 
458 382 316 196 559 453 260 172 718 6 555 
194 707 637 727 233 333 202 224 114 109 488 
913 802 373 442 541 430 598 731 21 617 824 
391 80 446 604 242 884 11 639 547 582 175 
399 44 404 517 641 353 53 39 115 734 59 
659 225 262 696 348 677 483 219 267 487 639 
100 120 140 160 180 200 220 240 260 280 300 
0 100 120 140 160 180 200 220 240 260 280 
50 0 100 120 140 160 180 200 220 240 260 
60 50 0 100 120 140 160 180 200 220 240 
70 60 50 0 100 120 140 160 180 200 220 
80 70 60 50 0 100 120 140 160 180 200 
90 80 70 60 50 0 100 120 140 160 180 
100 90 80 70 60 50 0 100 120 140 160 
110 100 90 80 70 60 50 0 100 120 140 
120 110 100 90 80 70 60 50 0 100 120 
130 120 110 100 90 80 70 60 50 0 100 
