11 11
169 795 678 288 407 374 697 178 214 272 254 
720 8 399 172 431 877 58 518 631 647 0 
183 517 96 430 27 395 71 232 266 303 501 
260 880 293 335 70 652 69 629 491 171 402 
225 505 160 84 267 262 570 766 588 224 670 
271 563 603 29 546 303 450 378 171 173 452 
671 188 420 264 934 623 560 488 252 179 924 
605 733 624 159 325 57 643 306 605 441 309 
707 255 545 588 459 767 486 74 95 229 85 
521 246 875 16 133 17 597 546 724 186 872 
21 710 36 542 108 546 615 637 529 116 546 
100 120 140 160 180 200 220 240 260 280 300 
0 100 120 140 160 180 200 220 240 260 280 
50 0 100 120 140 160 180 200 220 240 260 
60 50 0 100 120 140 160 180 200 220 240 
70 60 50 0 100 120 140 160 180 200 220 
80 70 60 50 0 100 120 140 160 180 200 
90 80 70 60 50 0 100 120 140 160 180 
100 90 80 70 60 50 0 100 120 140 160 
110 100 90 80 70 60 50 0 100 120 140 
120 110 100 90 80 70 60 50 0 100 120 
130 120 110 100 90 80 70 60 50 0 100 
