12 12
412 150 417 13 414 515 755 757 211 20 431 636 
471 47 142 742 618 279 153 128 127 107 439 680 
9 184 498 70 247 697 442 248 528 668 564 286 
676 350 272 524 219 214 686 625 315 538 208 752 
15 276 302 494 386 472 145 977 173 93 631 425 
762 280 644 495 679 195 508 535 561 168 57 269 
308 404 147 227 209 482 288 306 794 317 638 375 
663 86 639 892 733 723 809 425 222 537 201 696 
838 449 8 113 113 585 261 294 328 298 275 296 
129 499 107 399 814 253 294 242 232 124 25 671 
77 725 397 2 352 108 488 342 140 417 984 304 
81 202 904 772 922 392 551 416 873 13 192 512 
100 120 140 160 180 200 220 240 260 280 300 320 
0 100 120 140 160 180 200 220 240 260 280 300 
50 0 100 120 140 160 180 200 220 240 260 280 
60 50 0 100 120 140 160 180 200 220 240 260 
70 60 50 0 100 120 140 160 180 200 220 240 
80 70 60 50 0 100 120 140 160 180 200 220 
90 80 70 60 50 0 100 120 140 160 180 200 
100 90 80 70 60 50 0 100 120 140 160 180 
110 100 90 80 70 60 50 0 100 120 140 160 
120 110 100 90 80 70 60 50 0 100 120 140 
130 120 110 100 90 80 70 60 50 0 100 120 
140 130 120 110 100 90 80 70 60 50 0 100 
