12 12
396 659 524 646 195 144 11 18 76 211 899 106 
602 360 255 212 684 261 624 369 370 327 627 496 
528 94 233 283 345 762 466 426 308 642 761 970 
12 404 204 543 221 214 458 668 416 383 20 182 
759 425 538 522 455 318 748 285 75 28 113 935 
527 704 23 294 708 79 272 264 102 542 38 617 
1 367 448 854 468 667 777 632 518 544 231 27 
288 22 361 78 451 751 519 266 8 711 35 213 
115 720 325 551 23 302 162 275 383 123 486 460 
126 197 510 262 22 450 569 543 304 78 702 388 
410 69 520 153 298 752 217 608 387 153 551 281 
154 473 206 363 81 696 604 791 330 504 268 150 
100 120 140 160 180 200 220 240 260 280 300 320 
0 100 120 140 160 180 200 220 240 260 280 300 
50 0 100 120 140 160 180 200 220 240 260 280 
60 50 0 100 120 140 160 180 200 220 240 260 
70 60 50 0 100 120 140 160 180 200 220 240 
80 70 60 50 0 100 120 140 160 180 200 220 
90 80 70 60 50 0 100 120 140 160 180 200 
100 90 80 70 60 50 0 100 120 140 160 180 
110 100 90 80 70 60 50 0 100 120 140 160 
120 110 100 90 80 70 60 50 0 100 120 140 
130 120 110 100 90 80 70 60 50 0 100 120 
140 130 120 110 100 90 80 70 60 50 0 100 
