12 12
681 540 281 224 198 405 221 690 559 366 232 632 
541 386 600 304 325 109 493 793 75 2 534 51 
328 969 119 344 599 868 237 625 504 710 179 296 
576 962 119 671 65 390 51 245 793 368 239 427 
594 789 241 575 484 295 588 220 531 402 589 100 
105 542 562 403 158 334 394 137 652 231 907 218 
197 273 528 557 516 773 42 21 212 311 788 454 
884 132 396 639 458 824 872 573 487 3 179 329 
604 299 165 66 565 925 508 531 387 351 408 505 
518 171 550 294 159 206 512 55 75 206 307 659 
607 529 515 511 102 114 814 579 684 199 603 81 
809 174 653 184 204 7 462 431 164 714 550 514 
100 120 140 160 180 200 220 240 260 280 300 320 
0 100 120 140 160 180 200 220 240 260 280 300 
50 0 100 120 140 160 180 200 220 240 260 280 
60 50 0 100 120 140 160 180 200 220 240 260 
70 60 50 0 100 120 140 160 180 200 220 240 
80 70 60 50 0 100 120 140 160 180 200 220 
90 80 70 60 50 0 100 120 140 160 180 200 
100 90 80 70 60 50 0 100 120 140 160 180 
110 100 90 80 70 60 50 0 100 120 140 160 
120 110 100 90 80 70 60 50 0 100 120 140 
130 120 110 100 90 80 70 60 50 0 100 120 
140 130 120 110 100 90 80 70 60 50 0 100 
