12 12
533 701 376 285 33 482 454 540 355 813 288 590 
19 298 411 170 210 261 66 298 137 847 723 653 
177 247 541 851 177 1036 155 722 141 739 136 405 
6 373 262 455 73 499 715 107 249 694 30 622 
914 398 128 412 80 456 483 418 46 366 593 176 
39 38 15 247 575 556 563 93 689 443 799 703 
37 729 291 355 553 439 283 21 793 704 133 520 
616 88 468 471 938 461 441 481 844 220 437 850 
769 334 533 446 42 690 202 615 121 27 52 9 
646 156 857 742 553 819 371 532 379 367 456 15 
226 501 3 363 192 700 10 931 537 612 776 391 
774 317 484 503 473 181 6 431 643 568 876 983 
100 120 140 160 180 200 220 240 260 280 300 320 
0 100 120 140 160 180 200 220 240 260 280 300 
50 0 100 120 140 160 180 200 220 240 260 280 
60 50 0 100 120 140 160 180 200 220 240 260 
70 60 50 0 100 120 140 160 180 200 220 240 
80 70 60 50 0 100 120 140 160 180 200 220 
90 80 70 60 50 0 100 120 140 160 180 200 
100 90 80 70 60 50 0 100 120 140 160 180 
110 100 90 80 70 60 50 0 100 120 140 160 
120 110 100 90 80 70 60 50 0 100 120 140 
130 120 110 100 90 80 70 60 50 0 100 120 
140 130 120 110 100 90 80 70 60 50 0 100 
