12 12
388 604 56 11 613 411 327 113 291 446 476 5 
213 194 292 42 489 193 508 203 516 260 566 579 
245 455 513 206 815 632 452 763 364 900 326 54 
567 465 754 296 91 229 474 776 771 441 378 901 
575 41 754 403 618 677 668 281 482 376 447 636 
78 67 266 508 300 248 733 710 262 554 547 711 
447 937 437 649 741 461 593 317 579 763 352 714 
369 727 464 436 284 2 345 364 679 24 2 484 
149 193 429 469 129 583 0 908 442 317 191 430 
148 504 272 627 272 427 556 614 808 124 606 140 
298 202 81 622 110 190 192 889 480 4 496 118 
216 296 889 295 191 678 509 428 291 172 665 515 
100 120 140 160 180 200 220 240 260 280 300 320 
0 100 120 140 160 180 200 220 240 260 280 300 
50 0 100 120 140 160 180 200 220 240 260 280 
60 50 0 100 120 140 160 180 200 220 240 260 
70 60 50 0 100 120 140 160 180 200 220 240 
80 70 60 50 0 100 120 140 160 180 200 220 
90 80 70 60 50 0 100 120 140 160 180 200 
100 90 80 70 60 50 0 100 120 140 160 180 
110 100 90 80 70 60 50 0 100 120 140 160 
120 110 100 90 80 70 60 50 0 100 120 140 
130 120 110 100 90 80 70 60 50 0 100 120 
140 130 120 110 100 90 80 70 60 50 0 100 
