9 9
141 461 364 113 778 204 473 490 426 
830 526 25 145 298 770 274 692 628 
397 583 21 300 938 106 604 851 422 
17 935 486 139 673 163 135 10 296 
36 248 858 387 6 193 533 335 107 
415 331 28 694 55 149 282 29 742 
399 251 373 382 298 559 215 28 382 
653 603 67 618 318 797 511 564 200 
572 555 688 184 923 617 174 138 78 
100 120 140 160 180 200 220 240 260 
0 100 120 140 160 180 200 220 240 
50 0 100 120 140 160 180 200 220 
60 50 0 100 120 140 160 180 200 
70 60 50 0 100 120 140 160 180 
80 70 60 50 0 100 120 140 160 
90 80 70 60 50 0 100 120 140 
100 90 80 70 60 50 0 100 120 
110 100 90 80 70 60 50 0 100 
