9 9
336 408 291 430 198 725 284 314 461 
259 371 505 414 63 307 550 71 475 
665 533 86 290 159 34 146 309 300 
34 633 461 706 869 497 54 7 231 
358 362 1014 432 651 229 508 38 735 
100 439 92 199 725 311 910 201 377 
202 371 281 287 496 622 303 560 389 
729 572 30 576 65 756 125 148 295 
202 493 352 545 568 571 274 423 703 
100 120 140 160 180 200 220 240 260 
0 100 120 140 160 180 200 220 240 
50 0 100 120 140 160 180 200 220 
60 50 0 100 120 140 160 180 200 
70 60 50 0 100 120 140 160 180 
80 70 60 50 0 100 120 140 160 
90 80 70 60 50 0 100 120 140 
100 90 80 70 60 50 0 100 120 
110 100 90 80 70 60 50 0 100 
