9 9
768 489 31 684 144 731 412 64 357 
757 656 70 60 440 220 224 415 300 
161 612 378 758 884 619 935 436 188 
781 375 511 656 191 384 381 653 722 
1020 196 142 138 989 425 465 581 320 
798 533 167 457 461 222 742 754 185 
803 473 668 558 538 924 655 624 817 
309 56 308 787 524 36 499 487 364 
521 570 69 579 588 122 673 202 1 
100 120 140 160 180 200 220 240 260 
0 100 120 140 160 180 200 220 240 
50 0 100 120 140 160 180 200 220 
60 50 0 100 120 140 160 180 200 
70 60 50 0 100 120 140 160 180 
80 70 60 50 0 100 120 140 160 
90 80 70 60 50 0 100 120 140 
100 90 80 70 60 50 0 100 120 
110 100 90 80 70 60 50 0 100 
