9 9
412 300 92 463 294 31 464 325 913 
378 432 285 521 122 61 544 146 718 
112 202 457 166 236 408 334 172 308 
559 838 983 645 431 275 129 453 288 
707 110 288 372 450 795 879 366 226 
479 453 512 511 219 304 40 783 482 
210 416 560 69 819 285 1 314 479 
571 204 333 608 256 259 112 935 158 
52 462 204 11 559 133 216 592 583 
100 120 140 160 180 200 220 240 260 
0 100 120 140 160 180 200 220 240 
50 0 100 120 140 160 180 200 220 
60 50 0 100 120 140 160 180 200 
70 60 50 0 100 120 140 160 180 
80 70 60 50 0 100 120 140 160 
90 80 70 60 50 0 100 120 140 
100 90 80 70 60 50 0 100 120 
110 100 90 80 70 60 50 0 100 
