9 9
573 140 433 505 264 71 242 257 345 
86 488 248 663 729 158 153 620 543 
145 45 148 364 687 591 650 138 462 
114 116 176 269 199 545 357 208 168 
901 558 182 3 14 721 567 324 266 
212 769 103 688 248 551 373 68 640 
487 47 172 136 169 179 413 129 464 
389 628 930 260 525 327 621 10 74 
568 603 75 953 419 535 718 40 437 
100 120 140 160 180 200 220 240 260 
0 100 120 140 160 180 200 220 240 
50 0 100 120 140 160 180 200 220 
60 50 0 100 120 140 160 180 200 
70 60 50 0 100 120 140 160 180 
80 70 60 50 0 100 120 140 160 
90 80 70 60 50 0 100 120 140 
100 90 80 70 60 50 0 100 120 
110 100 90 80 70 60 50 0 100 
